4.240638 0
6.255499 1207.03
8.255642 1519.89
10.258379 1414.06
12.261059 962.71
14.267309 972.96
16.267573 887.883
18.268683 731.594
20.269795 719.6
22.270424 707.777
24.272605 719.216
26.274325 719.381
28.275688 715.512
30.276209 723.811
32.281857 713.984
34.283483 731.405
36.287718 730.453
38.294334 701.679
40.298897 710.379
42.301986 710.902
44.306896 718.237
46.307993 827.546
48.307993 908
50.312159 938.046
52.318826 960.797
54.323869 1005.46
56.324102 975.886
58.329241 961.529
60.337134 956.226
62.344802 952.349
64.349376 957.809
66.356353 940.718
68.380584 972.221
70.383871 958.425
72.394085 951.143
74.39608 979.023
76.41978 956.664
78.429776 979.106
80.432572 954.665
82.433785 959.418
84.442592 975.703
86.446225 902.361
88.446225 852
90.450521 862.148
92.451301 1039.59
94.461407 1010.89
96.463319 963.079
98.465674 954.876
100.470326 977.726
102.482711 950.116
104.482859 967.928
106.491964 975.559
108.498523 956.862
110.508788 959.078
112.510686 975.075
114.510757 943.966
116.516588 957.209
118.53716 950.226
120.545564 952
122.549419 962.145
124.554991 977.277
126.558642 922.316
128.564892 833.396
130.565546 943.691
132.565668 995.939
134.570605 1005.52
136.571182 971.72
138.574825 962.247
140.580015 961.505
142.586382 952.966
144.592981 956.843
146.595802 938.676
148.603756 976.118
150.60486 947.477
152.607485 930.778
154.608541 979.483
156.610224 963.189
158.610713 975.761
160.619077 940.069
162.620364 955.385
164.622395 963.022
166.626467 1548.85
168.627508 1635.15
170.645122 1653.44
172.656372 994.406
174.656522 1015.92
176.664789 956.048
178.666284 967.277
180.670739 953.875
182.673603 958.627
184.68194 956.015
186.68698 953.597
188.709891 957.037
190.715204 957.457
192.716905 955.188
194.717424 979.746
196.730086 938.061
198.731824 947.177
200.736115 961.936
202.751673 960.528
204.757438 957.241
206.768186 1360.69
208.768603 1419.7
210.768603 1596
212.768906 1083.84
214.771893 978.539
216.772793 995.552
218.781544 975.731
220.790479 955.73
222.796628 957.058
224.820078 948.874
226.822317 958.926
228.823394 979.473
230.836531 933.866
232.836885 967.829
234.83753 959.69
236.840743 950.473
238.868714 962.538
