4.23201 0
6.233154 1778.98
8.234487 607.595
10.243927 529.501
12.246914 730.908
14.253687 538.177
16.264781 513.154
18.269977 1141.04
20.270063 431.981
22.277082 306.923
24.280293 347.442
26.282556 339.616
28.283281 327.881
30.299119 341.297
32.311681 345.828
34.320539 346.466
36.332656 341.928
38.356406 351.822
40.357291 347.846
42.360618 339.435
44.397329 349.583
46.408667 346.038
48.424765 345.221
50.434573 342.321
52.445456 346.117
54.446258 351.859
56.459389 345.73
58.46934 334.337
60.487558 321.075
62.507411 344.58
64.520781 345.689
66.542656 344.235
68.571143 343.113
70.574531 339.425
72.574531 348
74.57807 351.378
76.584071 358.923
78.593859 350.286
80.622344 343.113
82.626009 351.356
84.636892 342.138
86.653331 341.196
88.669219 345.257
90.68331 345.565
92.684844 351.73
94.684975 347.977
96.68599 351.821
98.686025 359.994
100.701272 341.397
102.707845 346.86
104.716094 350.554
106.724975 358.408
108.746782 344.247
110.748484 343.708
112.74945 339.836
114.758234 346.478
116.762077 351.325
118.766272 351.263
120.799176 354.173
122.809844 354.111
124.816293 346.881
126.836454 344.527
128.84468 346.575
130.85266 358.569
132.856719 351.287
134.884836 347.12
136.893588 342.501
138.897344 335.37
140.897344 356
142.899392 331.66
144.915394 349.206
146.920781 359.033
148.920781 344
150.953433 346.346
152.963943 342.202
154.972764 342.489
156.973049 343.951
158.989127 357.129
160.991059 343.668
162.994027 335.502
164.994802 339.868
167.002375 330.748
169.027398 347.65
171.035318 342.643
173.039823 335.245
175.039875 355.991
177.053594 353.575
179.069219 357.209
181.075469 358.879
183.087336 353.9
185.088221 347.846
187.100133 357.869
189.10342 351.422
191.129783 339.525
193.131719 339.671
195.139918 346.579
197.147217 342.749
199.17171 331.935
201.178047 330.951
203.183747 339.034
205.192656 338.492
207.194219 347.728
209.19785 343.377
211.200469 359.529
213.200469 344
215.229764 350.861
217.233799 343.307
219.236368 347.554
221.248331 349.907
223.250994 343.543
225.255017 335.325
227.282738 355.078
229.287969 347.092
231.294968 342.8
233.295781 359.854
235.309844 345.57
237.313567 347.353
239.3283 341.484
